# id    length  x       y       z       rot_z   rot_y   rot_x   
97  0.325    -1.525  -1.525   0.0 0.0 0.0 0.0
98  0.325    1.09  -1.525   0.0 0.0 0.0 0.0
99  0.325    0.218  -1.525   0.0 0.0 0.0 0.0
100  0.325    -0.654  -1.525   0.0 0.0 0.0 0.0

101  0.325    0.654  -1.09   0.0 0.0 0.0 0.0
102  0.325    -0.218  -1.09   0.0 0.0 0.0 0.0
103  0.325    -1.09  -1.09   0.0 0.0 0.0 0.0
104  0.325    1.525  -1.09   0.0 0.0 0.0 0.0

105  0.325    -0.654  -0.654   0.0 0.0 0.0 0.0
106  0.325    0.218  -0.654   0.0 0.0 0.0 0.0
107  0.325    -1.525  -0.654   0.0 0.0 0.0 0.0
108  0.325    1.09  -0.654   0.0 0.0 0.0 0.0

109  0.325    -0.218  -0.218   0.0 0.0 0.0 0.0
110  0.325    0.654  -0.218   0.0 0.0 0.0 0.0
111  0.325    1.525  -0.218   0.0 0.0 0.0 0.0
112  0.325    -1.09  -0.218   0.0 0.0 0.0 0.0

113  0.325    0.218  0.218   0.0 0.0 0.0 0.0
114  0.325    1.09  0.218   0.0 0.0 0.0 0.0
115  0.325    -0.654  0.218   0.0 0.0 0.0 0.0
116  0.325    -1.525  0.218   0.0 0.0 0.0 0.0

117  0.325    0.654  0.654   0.0 0.0 0.0 0.0
118  0.325    -0.218  0.654   0.0 0.0 0.0 0.0
119  0.325    1.525  0.654   0.0 0.0 0.0 0.0
120  0.325    -1.09  0.654   0.0 0.0 0.0 0.0

121  0.325    1.09  1.09   0.0 0.0 0.0 0.0
122  0.325    0.218  1.09   0.0 0.0 0.0 0.0
123  0.325    -0.654  1.09   0.0 0.0 0.0 0.0
124  0.325    -1.525  1.09  0.0 0.0 0.0 0.0

125  0.325    -0.218  1.525   0.0 0.0 0.0 0.0
126  0.325    -1.09  1.525   0.0 0.0 0.0 0.0
127  0.325    0.654  1.525   0.0 0.0 0.0 0.0
128  0.325    1.525  1.525   0.0 0.0 0.0 0.0



129   0.015   0.218  -0.165  0.0 0.0 0.0 0.0 
130   0.015   0.654  -0.165  0.0 0.0 0.0 0.0
131   0.015   1.09  -0.165  0.0 0.0 0.0 0.0
132   0.015   1.525  -0.165  0.0 0.0 0.0 0.0
133   0.015   -0.218  -0.165  0.0 0.0 0.0 0.0
134   0.015   -0.654  -0.165  0.0 0.0 0.0 0.0
135   0.015   -1.09  -0.165  0.0 0.0 0.0 0.0
136   0.015   -1.525  -0.165  0.0 0.0 0.0 0.0

137   0.015   0.218  -1.5  0.0 0.0 0.0 0.0
138   0.015   0.654  -1.5  0.0 0.0 0.0 0.0
139   0.015   1.09  -1.5  0.0 0.0 0.0 0.0
140   0.015   1.525  -1.5  0.0 0.0 0.0 0.0
141   0.015   -0.218  -1.5  0.0 0.0 0.0 0.0
142   0.015   -0.654  -1.5  0.0 0.0 0.0 0.0
143   0.015   -1.09  -1.5  0.0 0.0 0.0 0.0
144   0.015   -1.525  -1.5  0.0 0.0 0.0 0.0

145   0.015   0.218  -1.064  0.0 0.0 0.0 0.0
146   0.015   0.654  -1.064  0.0 0.0 0.0 0.0
147   0.015   1.09  -1.064  0.0 0.0 0.0 0.0
148   0.015   1.525  -1.064  0.0 0.0 0.0 0.0
149   0.015   -0.218  -1.064  0.0 0.0 0.0 0.0
150   0.015   -0.654  -1.064  0.0 0.0 0.0 0.0
151   0.015   -1.09  -1.064  0.0 0.0 0.0 0.0
152   0.015   -1.525  -1.064  0.0 0.0 0.0 0.0

153   0.015   0.218  -0.628  0.0 0.0 0.0 0.0
154   0.015   0.654  -0.628  0.0 0.0 0.0 0.0
155   0.015   1.09  -0.628  0.0 0.0 0.0 0.0
156   0.015   1.525  -0.628  0.0 0.0 0.0 0.0
157   0.015   -0.218  -0.628  0.0 0.0 0.0 0.0
158   0.015   -0.654  -0.628  0.0 0.0 0.0 0.0
159   0.015   -1.09  -0.628  0.0 0.0 0.0 0.0
160   0.015   -1.525  -0.628  0.0 0.0 0.0 0.0

161   0.015   0.218  0.244  0.0 0.0 0.0 0.0
162   0.015   0.654  0.244  0.0 0.0 0.0 0.0
163   0.015   1.09  0.244  0.0 0.0 0.0 0.0
164   0.015   1.525  0.244  0.0 0.0 0.0 0.0
165   0.015   -0.218  0.244  0.0 0.0 0.0 0.0
166   0.015   -0.654  0.244  0.0 0.0 0.0 0.0
167   0.015   -1.09  0.244  0.0 0.0 0.0 0.0
168   0.015   -1.525  0.244  0.0 0.0 0.0 0.0

169   0.015   0.218  0.68  0.0 0.0 0.0 0.0
170   0.015   0.654  0.68  0.0 0.0 0.0 0.0
171   0.015   1.09  0.68  0.0 0.0 0.0 0.0
172   0.015   1.525  0.68  0.0 0.0 0.0 0.0
173   0.015   -0.218  0.68  0.0 0.0 0.0 0.0
174   0.015   -0.654  0.68  0.0 0.0 0.0 0.0
175   0.015   -1.09  0.68  0.0 0.0 0.0 0.0
176   0.015   -1.525  0.68  0.0 0.0 0.0 0.0

177   0.015   0.218  1.116  0.0 0.0 0.0 0.0
178   0.015   0.654  1.116  0.0 0.0 0.0 0.0
179   0.015   1.09  1.116  0.0 0.0 0.0 0.0
180   0.015   1.525  1.116  0.0 0.0 0.0 0.0
181   0.015   -0.218  1.116  0.0 0.0 0.0 0.0
182   0.015   -0.654  1.116  0.0 0.0 0.0 0.0
183   0.015   -1.09  1.116  0.0 0.0 0.0 0.0
184   0.015   -1.525  1.116  0.0 0.0 0.0 0.0

185   0.015   0.218  1.5523  0.0 0.0 0.0 0.0
186   0.015   0.654  1.5523  0.0 0.0 0.0 0.0
187   0.015   1.09  1.5523  0.0 0.0 0.0 0.0
188   0.015   1.525  1.5523  0.0 0.0 0.0 0.0
189   0.015   -0.218  1.5523  0.0 0.0 0.0 0.0
190   0.015   -0.654  1.5523  0.0 0.0 0.0 0.0
191   0.015   -1.09  1.5523  0.0 0.0 0.0 0.0
192   0.015   -1.525  1.5523  0.0 0.0 0.0 0.0
